LIST_OF_CITIES1= [[0,1,2],[1,0,3],[2,3,0]]
LIST_OF_CITIES2= [[0, 1, 2, 3, 4, 5], [1, 0, 6, 7, 8, 9], [2, 6, 0, 10, 11, 12], [3, 7, 10, 0, 13, 14], [4, 8, 11, 13, 0, 15], [5, 9, 12, 14, 15, 0]]
LIST_OF_CITIES3=[[  0,222,208,120, 69,195,166,275,194, 91, 77, 76,225, 63,273,116,151,145,145,202, 75,119,121,102,146, 53,196,144,166,258,111,264,144,169, 74,249, 21, 38, 90],
                 [222,  0,430,277,199,417,388, 99, 75,313,159,225,447,220,106,338,345,367,367, 42,397,103,278,199,146,183,396,110, 56, 34,333,102,324,391,264, 73,243,260,247],
                 [208,430,  0,228,262, 51, 51,483,390,134,285,241, 36,225,456, 92,100, 95, 78,410,158,327,167,267,329,261, 77,352,374,464,112,447,121, 53,202,457,194,170,198],
                 [120,277,228,  0, 94,241,212,330,283,184,118,196,234, 57,337,173,128,210,150,257, 92,174, 61,222,248, 94,179,199,221,311,138,330,107,182,194,304,141,119, 30],
                 [ 69,199,262, 94,  0,256,227,252,205,160, 40,145,268, 37,259,177,162,208,184,179,126, 96, 95,171,170, 16,213,121,143,233,136,252,141,216,143,226, 90, 99, 64],
                 [195,417, 51,241,256,  0, 29,461,378,121,272,219, 90,219,434, 79,113, 73, 91,397,155,314,180,245,307,248,107,339,361,451,109,425,134, 66,180,438,181,157,211],
                 [166,388, 51,212,227, 29,  0,432,349, 92,243,190, 71,190,405, 37, 84, 44, 62,368,126,285,151,216,278,219, 78,310,332,422, 80,396,105, 37,151,409,152,128,182],
                 [275, 99,483,330,252,461,432,  0, 83,366,212,242,500,273, 27,391,398,388,420, 73,357,156,331,216,154,236,449,141,137, 99,386, 52,377,444,281, 26,296,313,300],
                 [194, 75,390,283,205,378,349, 83,  0,283,165,159,418,226, 56,309,351,305,345, 34,275,109,184,133, 71,189,396, 94, 98, 89,311, 47,330,362,198, 60,214,238,253],
                 [ 91,313,134,184,160,121, 92,366,283,  0,168,124,151,127,339, 42,118, 64, 96,293,102,210,185,150,212,144,136,235,257,347, 77,330,139, 95, 85,340, 70, 65,154],
                 [ 77,159,285,118, 40,272,243,212,165,168,  0,153,292, 61,219,193,186,222,208,139,150, 56,119,133,130, 24,237, 81,103,193,188,212,165,240,151,186, 98,115, 88],
                 [ 76,225,241,196,145,219,190,242,159,124,153,  0,259,139,215,150,192,146,186,193,116,122,199, 26, 88,129,237,147,169,248,152,206,185,203, 39,219, 55, 79,166],
                 [225,447, 36,234,268, 90, 71,500,418,151,292,259,  0,231,474,109,106,115, 96,427,176,344,173,285,347,268, 55,369,391,481,130,465,127, 64,220,474,211,187,204],
                 [ 63,220,225,557, 37,219,190,273,226,127, 61,139,231,  0,280,140,125,171,147,200, 89,117, 58,165,191, 37,176,142,164,254,135,273,104,179,137,247, 84, 62, 27],
                 [273,106,456,337,259,434,405, 27, 56,339,219,215,474,280,  0,365,405,361,401, 80,331,163,338,189,127,243,452,148,144,106,367, 25,384,418,254, 33,270,294,307],
                 [116,338, 92,173,177, 79, 37,391,309, 42,193,150,109,140,365,  0, 76, 37, 54,318, 81,235,143,176,238,169, 94,260,282,372, 35,356, 97, 53,111,365,102, 78,143],
                 [151,345,100,128,162,113, 84,398,351,118,186,192,106,125,405, 76,  0,108, 22,325, 76,242, 67,218,280,162, 51,267,289,379, 56,398, 21, 54,187,372,137,113, 98],
                 [145,367, 95,210,208, 73, 44,388,305, 64,222,146,115,171,361, 37,108,  0, 86,339,118,264,175,172,234,198,122,289,311,395, 72,352,129, 81,107,365,124,109,180],
                 [145,367, 78,150,184, 91, 62,420,345, 96,208,186, 96,147,401, 54, 22, 86,  0,347, 80,264, 89,212,274,184, 51,289,311,401, 34,392, 43, 32,165,394,131,107,120],
                 [202, 42,410,257,179,397,368, 73, 34,293,139,193,427,200, 80,318,325,339,347,  0,284, 83,258,157,105,163,376, 68, 64, 56,320, 76,304,371,232, 47,223,247,227],
                 [ 75,297,158, 92,126,155,126,357,275,102,150,116,176, 89,331, 81, 76,118, 80,284,  0,194, 93,142,204,126,127,219,241,331, 46,322, 69,112,114,331, 61, 37, 62],
                 [119,103,327,174, 96,314,285,156,109,210, 56,122,344,117,163,235,242,264,264, 83,194,  0,175, 96, 74, 80,293, 25, 47,137,230,156,221,288,161,130,140,157,144],
                 [121,278,167, 61, 95,180,151,331,184,185,119,199,173, 58,338,143, 67,175, 89,258, 93,175,  0,225,249, 95,118,200,222,312,123,331, 46,121,197,305,144,120, 31],
                 [102,199,267,222,171,245,216,216,133,150,133, 26,285,165,189,176,218,172,212,157,142, 96,225,  0, 62,155,260,121,143,222,178,180,211,229, 65,193, 81,105,192],
                 [146,146,329,248,170,307,278,154, 71,212,130, 88,347,191,127,238,280,234,274,105,204, 74,249, 62,  0,154,325, 99,121,160,240,118,273,291,127,131,143,167,218],
                 [ 53,183,261, 94, 16,248,219,236,189,144, 24,129,268, 37,243,169,162,198,184,163,126, 80, 95,155,154,  0,213,105,127,217,150,236,141,216,127,210, 74, 91, 64],
                 [196,396, 77,179,213,107, 78,449,396,136,237,237, 55,176,452, 94, 51,122, 51,376,127,293,118,260,325,213,  0,318,340,430, 85,443, 72, 41,205,423,182,158,149],
                 [144,110,352,199,121,339,310,141, 94,235, 81,147,369,142,148,260,267,289,289, 68,219, 25,200,121, 99,105,318,  0, 72,124,255,141,246,313,186,115,165,182,169],
                 [166, 56,374,221,143,361,332,137, 98,257,103,169,391,164,144,282,289,311,311, 64,241, 47,222,143,121,127,340, 72,  0, 90,277,145,268,335,208,111,187,204,191],
                 [258, 34,464,311,233,451,422, 99, 89,347,193,248,481,254,106,372,379,395,401, 56,331,137,312,222,160,217,430,124, 90,  0,364,102,358,425,287, 73,279,296,281],
                 [111,333,112,138,136,109, 80,386,311, 77,188,152,130,135,367, 35, 56, 72, 34,320, 46,230,123,178,240,150, 85,255,277,364,  0,358, 57, 72,146,367, 97, 73,108],
                 [264,102,447,330,252,425,396, 52, 47,330,212,206,465,273, 25,356,398,352,392, 76,322,156,331,180,118,236,443,141,145,102,358,  0,377,409,245, 29,261,285,302],
                 [144,324,121,107,141,134,105,377,330,139,165,185,127,104,384, 97, 21,129, 43,304, 69,221, 46,211,273,141, 72,246,268,358, 57,377,  0, 75,183,351,130,106, 77],
                 [169,391, 53,182,216, 66, 37,444,362, 95,240,203, 64,179,418, 53, 54, 81, 32,371,112,288,121,229,291,216, 41,313,335,425, 72,409, 75,  0,164,418,155,131,152],
                 [ 74,264,202,194,143,180,151,281,198, 85,151, 39,220,137,254,111,187,107,165,232,114,161,197, 65,127,127,205,186,208,287,146,245,183,164,  0,258, 53, 77,164],
                 [249, 73,457,304,226,438,409, 26, 60,340,186,219,474,247, 33,365,372,365,394, 47,331,130,305,193,131,210,423,115,111, 73,367, 29,351,418,258,  0,270,287,274],
                 [ 21,243,194,141, 90,181,152,296,214, 70, 98, 55,211, 84,270,102,137,124,131,223, 61,140,144, 81,143, 74,182,165,187,279, 97,261,130,155, 53,270,  0, 24,111],
                 [ 38,260,170,119, 99,157,128,313,238, 65,115, 79,187, 62,294, 78,113,109,107,247, 37,157,120,105,167, 91,158,182,204,296, 73,285,106,131, 77,287, 24,  0, 89],
                 [ 90,247,198, 30, 64,211,182,300,253,154, 88,166,204, 27,307,143, 98,180,120,227, 62,144, 31,192,218, 64,149,169,191,281,108,302, 77,152,164,274,111, 89,  0]]
CITY_NAMES = ["Bánska_Bystrica", "Bardejov", "Bratislava", "Čadca", "Dolný kubín", "Dunajská Streda", "Galanta", "Humenné", "Košice", "Levice", "Liptovský Mikuláš", "Lučenec", "Malacky", "Martin", "Michalovce", "Nitra", "Nové Mesto nad Váhom", "Nové Zámky", "Piešťany", "Prešov", "Prievidza", "Poprad", "Považská Bystrica", "Rimavská Sobota", "Rožňava", "Ružomberok", "Senica", "Spišká Nová Ves", "Stará Ľubovňa", "Svidník", "Topoľčany", "Trebišov", "Trenčín", "Trnava", "Veľký Krtíš", "Vranov nad Topľou", "Zvolen", "Žiar nad Hronom", "Žilina"]
#Zdroj údajov: http://www.slovakiasite.com/sk/vzdialenosti.php